{
  "calibration_file": "camera_calibration.json",
  "image_dir": "camera",
  "tag_size_meters": 0.055,
  "camera_matrix": [
    [
      2912.7682124472135,
      0.0,
      1220.1714262975374
    ],
    [
      0.0,
      2940.838106764059,
      1787.8659445981837
    ],
    [
      0.0,
      0.0,
      1.0
    ]
  ],
  "distortion_coefficients": [
    [
      0.29562348693228185,
      -0.5099426050119418,
      -0.05660263384626864,
      -0.03667309444481906,
      0.3777940029697494
    ]
  ],
  "poses": [
    {
      "image": "IMG_5299.jpg",
      "tag_id": 0,
      "rvec": [
        -0.6773539613279496,
        0.10396201471200091,
        -0.00234558206107942
      ],
      "tvec": [
        -0.038239586091285374,
        -0.06357307135418726,
        0.4747947167705763
      ],
      "world_to_camera": [
        [
          0.994801510224697,
          -0.03168674471593859,
          0.09677760827778889,
          -0.038239586091285374
        ],
        [
          -0.0360192558534924,
          0.7794315656772292,
          0.6254510753317992,
          -0.06357307135418726
        ],
        [
          -0.09525003129880255,
          -0.6256855317451813,
          0.7742383656874199,
          0.4747947167705763
        ],
        [
          0.0,
          0.0,
          0.0,
          1.0
        ]
      ],
      "camera_to_world": [
        [
          0.994801510224697,
          -0.0360192558534924,
          -0.09525003129880255,
          0.08097515490438269
        ],
        [
          -0.03168674471593859,
          0.7794315656772292,
          -0.6256855317451813,
          0.3454113553703875
        ],
        [
          0.09677760827778889,
          0.6254510753317992,
          0.7742383656874199,
          -0.32414170402540354
        ],
        [
          0.0,
          0.0,
          0.0,
          1.0
        ]
      ],
      "reprojection_error_px": 3.181809425354004
    },
    {
      "image": "IMG_5300.jpg",
      "tag_id": 0,
      "rvec": [
        -0.6613446776552007,
        0.3344970228264386,
        0.4955673808744293
      ],
      "tvec": [
        0.014009316259288754,
        -0.09782282486910407,
        0.5201777676860095
      ],
      "world_to_camera": [
        [
          0.8327922555757781,
          -0.535951025171846,
          0.1386129780008174,
          0.014009316259288754
        ],
        [
          0.3290033843942671,
          0.6805462012702235,
          0.6546859101842551,
          -0.09782282486910407
        ],
        [
          -0.4452121203540239,
          -0.49961321695279015,
          0.7430833071304713,
          0.5201777676860095
        ],
        [
          0.0,
          0.0,
          0.0,
          1.0
        ]
      ],
      "camera_to_world": [
        [
          0.8327922555757781,
          0.3290033843942671,
          -0.4452121203540239,
          0.2521066372788066
        ],
        [
          -0.535951025171846,
          0.6805462012702235,
          -0.49961321695279015,
          0.33396894717424186
        ],
        [
          0.1386129780008174,
          0.6546859101842551,
          0.7430833071304713,
          -0.32443406381809686
        ],
        [
          0.0,
          0.0,
          0.0,
          1.0
        ]
      ],
      "reprojection_error_px": 3.6754841804504395
    },
    {
      "image": "IMG_5301.jpg",
      "tag_id": 0,
      "rvec": [
        -0.5439728830682952,
        0.5612426933646374,
        1.2862618602909541
      ],
      "tvec": [
        0.1780788958602389,
        -0.12738379827839963,
        0.4957186556416019
      ],
      "world_to_camera": [
        [
          0.1876831091103623,
          -0.9786744867953596,
          0.08349430789285694,
          0.1780788958602389
        ],
        [
          0.726828161351661,
          0.19555560125938598,
          0.6583910924991649,
          -0.12738379827839963
        ],
        [
          -0.6606783441439804,
          -0.06288287296171663,
          0.7480306610475594,
          0.4957186556416019
        ],
        [
          0.0,
          0.0,
          0.0,
          1.0
        ]
      ],
      "camera_to_world": [
        [
          0.1876831091103623,
          0.726828161351661,
          -0.6606783441439804,
          0.3866743116172636
        ],
        [
          -0.9786744867953596,
          0.19555560125938598,
          -0.06288287296171663,
          0.2303641005256042
        ],
        [
          0.08349430789285694,
          0.6583910924991649,
          0.7480306610475594,
          -0.30181296971816096
        ],
        [
          0.0,
          0.0,
          0.0,
          1.0
        ]
      ],
      "reprojection_error_px": 3.7005562782287598
    },
    {
      "image": "IMG_5302.jpg",
      "tag_id": 0,
      "rvec": [
        -0.6234677244934739,
        1.0300702696208253,
        1.890459840429402
      ],
      "tvec": [
        0.22290169986128786,
        -0.005067079900968532,
        0.4581493953310844
      ],
      "world_to_camera": [
        [
          -0.4959500416228895,
          -0.8681127108588624,
          -0.020343978458781053,
          0.22290169986128786
        ],
        [
          0.4535510620176091,
          -0.2789486245357788,
          0.8464508839928612,
          -0.005067079900968532
        ],
        [
          -0.7404896963205856,
          0.41057031811234757,
          0.5320780239101899,
          0.4581493953310844
        ],
        [
          0.0,
          0.0,
          0.0,
          1.0
        ]
      ],
      "camera_to_world": [
        [
          -0.4959500416228895,
          0.4535510620176091,
          -0.7404896963205856,
          0.45210119341260546
        ],
        [
          -0.8681127108588624,
          -0.2789486245357788,
          0.41057031811234757,
          0.0039878009687800385
        ],
        [
          -0.020343978458781053,
          0.8464508839928612,
          0.5320780239101899,
          -0.23494748328157078
        ],
        [
          0.0,
          0.0,
          0.0,
          1.0
        ]
      ],
      "reprojection_error_px": 3.473001718521118
    },
    {
      "image": "IMG_5303.jpg",
      "tag_id": 0,
      "rvec": [
        -0.46610967091324695,
        1.212060162083997,
        2.1232204690978977
      ],
      "tvec": [
        0.19669647821901762,
        0.015120685837353673,
        0.4769223948555768
      ],
      "world_to_camera": [
        [
          -0.7314893874954318,
          -0.6817921749673924,
          0.009094291329768134,
          0.19669647821901762
        ],
        [
          0.3544758979584569,
          -0.36885312478647597,
          0.8592404844406472,
          0.015120685837353673
        ],
        [
          -0.5824689809321212,
          0.6317490027601824,
          0.5114910397684512,
          0.4769223948555768
        ],
        [
          0.0,
          0.0,
          0.0,
          1.0
        ]
      ],
      "camera_to_world": [
        [
          -0.7314893874954318,
          0.3544758979584569,
          -0.5824689809321212,
          0.4163139690002286
        ],
        [
          -0.6817921749673924,
          -0.36885312478647597,
          0.6317490027601824,
          -0.16161181543061573
        ],
        [
          0.009094291329768134,
          0.8592404844406472,
          0.5114910397684512,
          -0.25872265213396456
        ],
        [
          0.0,
          0.0,
          0.0,
          1.0
        ]
      ],
      "reprojection_error_px": 2.9758241176605225
    },
    {
      "image": "IMG_5304.jpg",
      "tag_id": 0,
      "rvec": [
        -0.4494574839708768,
        1.370528042337921,
        2.545055100583973
      ],
      "tvec": [
        0.17667535282287516,
        0.0714267506373048,
        0.4020735982169456
      ],
      "world_to_camera": [
        [
          -0.9300480538901684,
          -0.32895632635754257,
          -0.1637020244360477,
          0.17667535282287516
        ],
        [
          0.044382937313530074,
          -0.5428362547596248,
          0.8386649840037244,
          0.0714267506373048
        ],
        [
          -0.364747546024005,
          0.7727331595498499,
          0.5194638503318326,
          0.4020735982169456
        ],
        [
          0.0,
          0.0,
          0.0,
          1.0
        ]
      ],
      "camera_to_world": [
        [
          -0.9300480538901684,
          0.044382937313530074,
          -0.364747546024005,
          0.3078017973379019
        ],
        [
          -0.32895632635754257,
          -0.5428362547596248,
          0.7727331595498499,
          -0.2138040970936174
        ],
        [
          -0.1637020244360477,
          0.8386649840037244,
          0.5194638503318326,
          -0.23984370120216442
        ],
        [
          0.0,
          0.0,
          0.0,
          1.0
        ]
      ],
      "reprojection_error_px": 3.0664103031158447
    },
    {
      "image": "IMG_5305.jpg",
      "tag_id": 0,
      "rvec": [
        -0.3442772806414236,
        1.228505256625388,
        2.7936565486766907
      ],
      "tvec": [
        0.09430235464849211,
        0.0271442762000956,
        0.4253201360595605
      ],
      "world_to_camera": [
        [
          -0.9724223722288252,
          -0.1535481956992563,
          -0.17554965561449276,
          0.09430235464849211
        ],
        [
          -0.025591194532532058,
          -0.6779065422058251,
          0.7347025321835634,
          0.0271442762000956
        ],
        [
          -0.23181850821550515,
          0.718933704615415,
          0.6552820061749696,
          0.4253201360595605
        ],
        [
          0.0,
          0.0,
          0.0,
          1.0
        ]
      ],
      "camera_to_world": [
        [
          -0.9724223722288252,
          -0.025591194532532058,
          -0.23181850821550515,
          0.1909934533220751
        ],
        [
          -0.1535481956992563,
          -0.6779065422058251,
          0.718933704615415,
          -0.27289574223887814
        ],
        [
          -0.17554965561449276,
          0.7347025321835634,
          0.6552820061749696,
          -0.2820928546000416
        ],
        [
          0.0,
          0.0,
          0.0,
          1.0
        ]
      ],
      "reprojection_error_px": 3.018493175506592
    },
    {
      "image": "IMG_5306.jpg",
      "tag_id": 0,
      "rvec": [
        -1.0063912071126089,
        -0.012457137413034135,
        -0.3194389216542597
      ],
      "tvec": [
        -0.11866006665155761,
        -0.019126142702172094,
        0.5072961729951424
      ],
      "world_to_camera": [
        [
          0.9534767575389611,
          0.2690056818201354,
          0.13608091703642142,
          -0.11866006665155761
        ],
        [
          -0.25759137765146656,
          0.49247617033745844,
          0.8313326072092748,
          -0.019126142702172094
        ],
        [
          0.15661658594353559,
          -0.8277095896497968,
          0.5388581262346857,
          0.5072961729951424
        ],
        [
          0.0,
          0.0,
          0.0,
          1.0
        ]
      ],
      "camera_to_world": [
        [
          0.9534767575389611,
          -0.25759137765146656,
          0.15661658594353559,
          0.02876189147575269
        ],
        [
          0.2690056818201354,
          0.49247617033745844,
          -0.8277095896497968,
          0.4612333088264401
        ],
        [
          0.13608091703642142,
          0.8313326072092748,
          0.5388581262346857,
          -0.2413131084621892
        ],
        [
          0.0,
          0.0,
          0.0,
          1.0
        ]
      ],
      "reprojection_error_px": 3.749777317047119
    },
    {
      "image": "IMG_5307.jpg",
      "tag_id": 0,
      "rvec": [
        -0.9334857571666603,
        -0.08221890437562297,
        -0.5035335425638918
      ],
      "tvec": [
        -0.07398748851390838,
        -0.029716165692287022,
        0.44002335545282795
      ],
      "world_to_camera": [
        [
          0.8816677447932291,
          0.4486799892665743,
          0.14611042065153312,
          -0.07398748851390838
        ],
        [
          -0.3789004048551445,
          0.4886137901551469,
          0.7859332333416302,
          -0.029716165692287022
        ],
        [
          0.2812409482842583,
          -0.7482932789367873,
          0.6008000480244674,
          0.44002335545282795
        ],
        [
          0.0,
          0.0,
          0.0,
          1.0
        ]
      ],
      "camera_to_world": [
        [
          0.8816677447932291,
          -0.3789004048551445,
          0.2812409482842583,
          -0.06977967082535214
        ],
        [
          0.4486799892665743,
          0.4886137901551469,
          -0.7482932789367873,
          0.37698295336063203
        ],
        [
          0.14611042065153312,
          0.7859332333416302,
          0.6008000480244674,
          -0.23020078783317394
        ],
        [
          0.0,
          0.0,
          0.0,
          1.0
        ]
      ],
      "reprojection_error_px": 3.0968871116638184
    },
    {
      "image": "IMG_5308.jpg",
      "tag_id": 0,
      "rvec": [
        -0.8566609043650291,
        -0.34669956112795725,
        -0.9180673963648444
      ],
      "tvec": [
        -0.10518992400151089,
        0.04162402652446194,
        0.3887594517048202
      ],
      "world_to_camera": [
        [
          0.5828309962183227,
          0.8082355756111641,
          0.08404334693268484,
          -0.10518992400151089
        ],
        [
          -0.5509258600279865,
          0.31700530884940925,
          0.772002804990833,
          0.04162402652446194
        ],
        [
          0.5973179443140653,
          -0.4962488171046666,
          0.6300383995619936,
          0.3887594517048202
        ],
        [
          0.0,
          0.0,
          0.0,
          1.0
        ]
      ],
      "camera_to_world": [
        [
          0.5828309962183227,
          -0.5509258600279865,
          0.5973179443140653,
          -0.14797329571623918
        ],
        [
          0.8082355756111641,
          0.31700530884940925,
          -0.4962488171046666,
          0.2647446194366885
        ],
        [
          0.08404334693268484,
          0.772002804990833,
          0.6300383995619936,
          -0.26822673472191877
        ],
        [
          0.0,
          0.0,
          0.0,
          1.0
        ]
      ],
      "reprojection_error_px": 2.9306724071502686
    },
    {
      "image": "IMG_5309.jpg",
      "tag_id": 0,
      "rvec": [
        -0.8129103439926703,
        -0.5045178417117411,
        -1.2522707402618882
      ],
      "tvec": [
        -0.08833683967458505,
        0.06801273615203267,
        0.3445998819214078
      ],
      "world_to_camera": [
        [
          0.2623158767791179,
          0.960600059311856,
          0.0918580798822895,
          -0.08833683967458505
        ],
        [
          -0.6286294845568863,
          0.09788583118020065,
          0.7715201456863614,
          0.06801273615203267
        ],
        [
          0.7321306932067155,
          -0.2601266808772597,
          0.6295385277808134,
          0.3445998819214078
        ],
        [
          0.0,
          0.0,
          0.0,
          1.0
        ]
      ],
      "camera_to_world": [
        [
          0.2623158767791179,
          -0.6286294845568863,
          0.7321306932067155,
          -0.18636518360838164
        ],
        [
          0.960600059311856,
          0.09788583118020065,
          -0.2601266808772597,
          0.16783851373665834
        ],
        [
          0.0918580798822895,
          0.7715201456863614,
          0.6295385277808134,
          -0.26129764596741245
        ],
        [
          0.0,
          0.0,
          0.0,
          1.0
        ]
      ],
      "reprojection_error_px": 2.9917378425598145
    },
    {
      "image": "IMG_5310.jpg",
      "tag_id": 0,
      "rvec": [
        -0.7062102884359012,
        -0.6639593738435574,
        -1.6432304379499743
      ],
      "tvec": [
        -0.0510597719764319,
        0.11456868096916231,
        0.3015096921608579
      ],
      "world_to_camera": [
        [
          -0.14834712174123055,
          0.9842825071661554,
          0.09581793964493085,
          -0.0510597719764319
        ],
        [
          -0.6414325408228418,
          -0.16951167131755196,
          0.7482179420868518,
          0.11456868096916231
        ],
        [
          0.7527000910353643,
          0.04953523366087342,
          0.6564973980005683,
          0.3015096921608579
        ],
        [
          0.0,
          0.0,
          0.0,
          1.0
        ]
      ],
      "camera_to_world": [
        [
          -0.14834712174123055,
          -0.6414325408228418,
          0.7527000910353643,
          -0.16103286281421825
        ],
        [
          0.9842825071661554,
          -0.16951167131755196,
          0.04953523366087342,
          0.05474261591581858
        ],
        [
          0.09581793964493085,
          0.7482179420868518,
          0.6564973980005683,
          -0.27877022892838554
        ],
        [
          0.0,
          0.0,
          0.0,
          1.0
        ]
      ],
      "reprojection_error_px": 4.629087448120117
    },
    {
      "image": "IMG_5311.jpg",
      "tag_id": 0,
      "rvec": [
        -0.6816763411198614,
        -0.7525791660911858,
        -1.8605349814192023
      ],
      "tvec": [
        0.06832881030760464,
        0.12470500506029047,
        0.3155431410644664
      ],
      "world_to_camera": [
        [
          -0.3642681808872179,
          0.9226427890421196,
          0.12664507973741446,
          0.06832881030760464
        ],
        [
          -0.5751271273238998,
          -0.3298249376314356,
          0.7486282775400475,
          0.12470500506029047
        ],
        [
          0.7324871874710682,
          0.199864439921159,
          0.6507816268501484,
          0.3155431410644664
        ],
        [
          0.0,
          0.0,
          0.0,
          1.0
        ]
      ],
      "camera_to_world": [
        [
          -0.3642681808872179,
          -0.5751271273238998,
          0.7324871874710682,
          -0.13452006516792137
        ],
        [
          0.9226427890421196,
          -0.3298249376314356,
          0.199864439921159,
          -0.08497811675761295
        ],
        [
          0.12664507973741446,
          0.7486282775400475,
          0.6507816268501484,
          -0.30736087945201673
        ],
        [
          0.0,
          0.0,
          0.0,
          1.0
        ]
      ],
      "reprojection_error_px": 3.9840283393859863
    },
    {
      "image": "IMG_5312.jpg",
      "tag_id": 0,
      "rvec": [
        -0.40670223409540396,
        -1.0461804791662486,
        -2.408951070750925
      ],
      "tvec": [
        0.07666993650482948,
        0.12943281546473084,
        0.29446786442036516
      ],
      "world_to_camera": [
        [
          -0.8410052701503903,
          0.535326605306138,
          0.07832982337957575,
          0.07666993650482948
        ],
        [
          -0.3081968453117281,
          -0.5930249553660369,
          0.7438656510775374,
          0.12943281546473084
        ],
        [
          0.44466261380868066,
          0.6014539283806501,
          0.6637230837603252,
          0.29446786442036516
        ],
        [
          0.0,
          0.0,
          0.0,
          1.0
        ]
      ],
      "camera_to_world": [
        [
          -0.8410052701503903,
          -0.3081968453117281,
          0.44466261380868066,
          -0.0265682442071173
        ],
        [
          0.535326605306138,
          -0.5930249553660369,
          0.6014539283806501,
          -0.14139542106178432
        ],
        [
          0.07832982337957575,
          0.7438656510775374,
          0.6637230837603252,
          -0.2977312871728195
        ],
        [
          0.0,
          0.0,
          0.0,
          1.0
        ]
      ],
      "reprojection_error_px": 4.3930253982543945
    },
    {
      "image": "IMG_5313.jpg",
      "tag_id": 0,
      "rvec": [
        -0.3364385055702768,
        -1.143156425414726,
        -2.590777446369629
      ],
      "tvec": [
        0.12840629267683554,
        0.09226099954848202,
        0.298360092428254
      ],
      "world_to_camera": [
        [
          -0.9310140438566946,
          0.35232109195103123,
          0.09530319148925563,
          0.12840629267683554
        ],
        [
          -0.16709160456718297,
          -0.6435832389065004,
          0.7469143259315506,
          0.09226099954848202
        ],
        [
          0.3244892075628539,
          0.679463363813717,
          0.65805493038969,
          0.298360092428254
        ],
        [
          0.0,
          0.0,
          0.0,
          1.0
        ]
      ],
      "camera_to_world": [
        [
          -0.9310140438566946,
          -0.16709160456718297,
          0.3244892075628539,
          0.03814947029481095
        ],
        [
          0.35232109195103123,
          -0.6435832389065004,
          0.679463363813717,
          -0.18858736436419615
        ],
        [
          0.09530319148925563,
          0.7469143259315506,
          0.65805493038969,
          -0.27748592164086755
        ],
        [
          0.0,
          0.0,
          0.0,
          1.0
        ]
      ],
      "reprojection_error_px": 4.402191162109375
    },
    {
      "image": "IMG_5314.jpg",
      "tag_id": 0,
      "rvec": [
        -0.08518802080545008,
        -1.2056159497343542,
        -2.827941265472134
      ],
      "tvec": [
        0.17009041467381994,
        0.05664625822482412,
        0.3580354250809721
      ],
      "world_to_camera": [
        [
          -0.9962764606412824,
          0.08252632336354314,
          0.02495235307892311,
          0.17009041467381994
        ],
        [
          -0.03913814811229972,
          -0.6907856890229427,
          0.7219995409994648,
          0.05664625822482412
        ],
        [
          0.07682069600321921,
          0.7183345584010239,
          0.6914434487883925,
          0.3580354250809721
        ],
        [
          0.0,
          0.0,
          0.0,
          1.0
        ]
      ],
      "camera_to_world": [
        [
          -0.9962764606412824,
          -0.03913814811229972,
          0.07682069600321921,
          0.1441695754161234
        ],
        [
          0.08252632336354314,
          -0.6907856890229427,
          0.7183345584010239,
          -0.23209573101146705
        ],
        [
          0.02495235307892311,
          0.7219995409994648,
          0.6914434487883925,
          -0.2927039776263472
        ],
        [
          0.0,
          0.0,
          0.0,
          1.0
        ]
      ],
      "reprojection_error_px": 3.2374284267425537
    },
    {
      "image": "IMG_5315.jpg",
      "tag_id": 0,
      "rvec": [
        -0.25069646455799155,
        0.08387182389635527,
        -0.010345584899291063
      ],
      "tvec": [
        -0.05860142157044366,
        -0.07820311266069171,
        0.4638032977210331
      ],
      "world_to_camera": [
        [
          0.9964500209959158,
          -0.00022668451127048211,
          0.08418612873491176,
          -0.05860142157044366
        ],
        [
          -0.020677334263909018,
          0.9687052932794996,
          0.2473509705257235,
          -0.07820311266069171
        ],
        [
          -0.08160761916008431,
          -0.24821362449795362,
          0.9652617225958002,
          0.4638032977210331
        ],
        [
          0.0,
          0.0,
          0.0,
          1.0
        ]
      ],
      "camera_to_world": [
        [
          0.9964500209959158,
          -0.020677334263909018,
          -0.08160761916008431,
          0.09462623873890512
        ],
        [
          -0.00022668451127048211,
          0.9687052932794996,
          -0.24821362449795362,
          0.19086478273217777
        ],
        [
          0.08418612873491176,
          0.2473509705257235,
          0.9652617225958002,
          -0.4234145274686844
        ],
        [
          0.0,
          0.0,
          0.0,
          1.0
        ]
      ],
      "reprojection_error_px": 0.9361886978149414
    },
    {
      "image": "IMG_5316.jpg",
      "tag_id": 0,
      "rvec": [
        -0.5830121349891002,
        0.13167492272347056,
        -0.01958941118979042
      ],
      "tvec": [
        -0.06445229237594151,
        -0.08391355231772774,
        0.4227084629634198
      ],
      "world_to_camera": [
        [
          0.9913999336987505,
          -0.01881116228078607,
          0.12950795973900275,
          -0.06445229237594151
        ],
        [
          -0.05569616534731549,
          0.8348671227602393,
          0.5476265374318926,
          -0.08391355231772774
        ],
        [
          -0.11842342938674645,
          -0.5501300096410716,
          0.826639500547002,
          0.4227084629634198
        ],
        [
          0.0,
          0.0,
          0.0,
          1.0
        ]
      ],
      "camera_to_world": [
        [
          0.9913999336987505,
          -0.05569616534731549,
          -0.11842342938674645,
          0.1092829211184008
        ],
        [
          -0.01881116228078607,
          0.8348671227602393,
          -0.5501300096410716,
          0.3013888542582684
        ],
        [
          0.12950795973900275,
          0.5476265374318926,
          0.826639500547002,
          -0.2951271397155951
        ],
        [
          0.0,
          0.0,
          0.0,
          1.0
        ]
      ],
      "reprojection_error_px": 3.404080867767334
    },
    {
      "image": "IMG_5317.jpg",
      "tag_id": 0,
      "rvec": [
        -0.5767290162841477,
        1.1286781638417172,
        1.9117926697939578
      ],
      "tvec": [
        0.21051113108572883,
        -0.012205703866488374,
        0.45882415633677515
      ],
      "world_to_camera": [
        [
          -0.5565900050068858,
          -0.8305281647232777,
          0.020749311502286427,
          0.21051113108572883
        ],
        [
          0.41937921863055194,
          -0.2593177245851048,
          0.86998585545791,
          -0.012205703866488374
        ],
        [
          -0.7171670916231883,
          0.49292726169018863,
          0.4926399063975122,
          0.45882415633677515
        ],
        [
          0.0,
          0.0,
          0.0,
          1.0
        ]
      ],
      "camera_to_world": [
        [
          -0.5565900050068858,
          0.41937921863055194,
          -0.7171670916231883,
          0.45134079582188286
        ],
        [
          -0.8305281647232777,
          -0.2593177245851048,
          0.49292726169018863,
          -0.054496666979563256
        ],
        [
          0.020749311502286427,
          0.86998585545791,
          0.4926399063975122,
          -0.21978426074451005
        ],
        [
          0.0,
          0.0,
          0.0,
          1.0
        ]
      ],
      "reprojection_error_px": 2.529715061187744
    },
    {
      "image": "IMG_5318.jpg",
      "tag_id": 0,
      "rvec": [
        -0.44084026534086196,
        1.194247544478901,
        2.223416687706822
      ],
      "tvec": [
        0.2203986099136668,
        0.03447161289170322,
        0.40372155718955777
      ],
      "world_to_camera": [
        [
          -0.7823399966936124,
          -0.6225618943631791,
          -0.018995190453590993,
          0.2203986099136668
        ],
        [
          0.3279367874860103,
          -0.43764495372306517,
          0.8372122537887816,
          0.03447161289170322
        ],
        [
          -0.5295295959498332,
          0.6487554101259316,
          0.5465480992973447,
          0.40372155718955777
        ],
        [
          0.0,
          0.0,
          0.0,
          1.0
        ]
      ],
      "camera_to_world": [
        [
          -0.7823399966936124,
          0.3279367874860103,
          -0.5295295959498332,
          0.37490465081479235
        ],
        [
          -0.6225618943631791,
          -0.43764495372306517,
          0.6487554101259316,
          -0.10961844087957871
        ],
        [
          -0.018995190453590993,
          0.8372122537887816,
          0.5465480992973447,
          -0.24532679287709752
        ],
        [
          0.0,
          0.0,
          0.0,
          1.0
        ]
      ],
      "reprojection_error_px": 3.059509754180908
    },
    {
      "image": "IMG_5319.jpg",
      "tag_id": 0,
      "rvec": [
        -0.4731962310068022,
        0.9453845460646358,
        2.37425214783288
      ],
      "tvec": [
        0.1914175871228051,
        0.03912540047631668,
        0.4019420456563397
      ],
      "world_to_camera": [
        [
          -0.7948295551009962,
          -0.594660729527857,
          -0.12093219213819528,
          0.1914175871228051
        ],
        [
          0.3487740945100495,
          -0.6107419878092917,
          0.7108803382605613,
          0.03912540047631668
        ],
        [
          -0.49659098797365175,
          0.5228506871795731,
          0.6928380399337208,
          0.4019420456563397
        ],
        [
          0.0,
          0.0,
          0.0,
          1.0
        ]
      ],
      "camera_to_world": [
        [
          -0.7948295551009962,
          0.3487740945100495,
          -0.49659098797365175,
          0.3380992270484873
        ],
        [
          -0.594660729527857,
          -0.6107419878092917,
          0.5228506871795731,
          -0.07243162791413087
        ],
        [
          -0.12093219213819528,
          0.7108803382605613,
          0.6928380399337208,
          -0.2831456685801076
        ],
        [
          0.0,
          0.0,
          0.0,
          1.0
        ]
      ],
      "reprojection_error_px": 1.9252150058746338
    },
    {
      "image": "IMG_5320.jpg",
      "tag_id": 0,
      "rvec": [
        -0.4907126416368256,
        0.7024920360111455,
        2.064376351706457
      ],
      "tvec": [
        0.22275313327553709,
        -0.004643060456733171,
        0.46015520528085013
      ],
      "world_to_camera": [
        [
          -0.5386425501148728,
          -0.8386951028823535,
          -0.08034131942472139,
          0.22275313327553709
        ],
        [
          0.6156089362876376,
          -0.45687657074102844,
          0.6420976846794585,
          -0.004643060456733171
        ],
        [
          -0.5752302502203357,
          0.29640230010760105,
          0.7624013613067424,
          0.46015520528085013
        ],
        [
          0.0,
          0.0,
          0.0,
          1.0
        ]
      ],
      "camera_to_world": [
        [
          -0.5386425501148728,
          0.6156089362876376,
          -0.5752302502203357,
          0.38753781913639546
        ],
        [
          -0.8386951028823535,
          -0.45687657074102844,
          0.29640230010760105,
          0.048309595238948344
        ],
        [
          -0.08034131942472139,
          0.6420976846794585,
          0.7624013613067424,
          -0.32994537591606105
        ],
        [
          0.0,
          0.0,
          0.0,
          1.0
        ]
      ],
      "reprojection_error_px": 1.8173631429672241
    },
    {
      "image": "IMG_5321.jpg",
      "tag_id": 0,
      "rvec": [
        -0.43304327417968363,
        0.5105827140414229,
        1.7026259227717535
      ],
      "tvec": [
        0.1714858323584277,
        -0.004110652655993729,
        0.5193498135772209
      ],
      "world_to_camera": [
        [
          -0.1854905100727119,
          -0.9826221969771611,
          -0.006847530996066387,
          0.1714858323584277
        ],
        [
          0.81670580704186,
          -0.15803784944761504,
          0.5549915881219075,
          -0.004110652655993729
        ],
        [
          -0.5464292226968368,
          0.09735325443841039,
          0.8318277757043102,
          0.5193498135772209
        ],
        [
          0.0,
          0.0,
          0.0,
          1.0
        ]
      ],
      "camera_to_world": [
        [
          -0.1854905100727119,
          0.81670580704186,
          -0.5464292226968368,
          0.3189541033500384
        ],
        [
          -0.9826221969771611,
          -0.15803784944761504,
          0.09735325443841039,
          0.11729575209319182
        ],
        [
          -0.006847530996066387,
          0.5549915881219075,
          0.8318277757043102,
          -0.4285539680421597
        ],
        [
          0.0,
          0.0,
          0.0,
          1.0
        ]
      ],
      "reprojection_error_px": 1.5519790649414062
    },
    {
      "image": "IMG_5322.jpg",
      "tag_id": 0,
      "rvec": [
        0.11188749875879214,
        -0.49853092911511615,
        -3.03462389853235
      ],
      "tvec": [
        0.1533508161342442,
        0.11835694732805577,
        0.42646817130243253
      ],
      "world_to_camera": [
        [
          -0.995295060744395,
          0.051553573091100466,
          -0.08203640142858351,
          0.1533508161342442
        ],
        [
          -0.07508973160922337,
          -0.9455018440132881,
          0.31684033072563034,
          0.11835694732805577
        ],
        [
          -0.061231317678667824,
          0.32150970758129926,
          0.9449244592380507,
          0.42646817130243253
        ],
        [
          0.0,
          0.0,
          0.0,
          1.0
        ]
      ],
      "camera_to_world": [
        [
          -0.995295060744395,
          -0.07508973160922337,
          -0.061231317678667824,
          0.1876299093453456
        ],
        [
          0.051553573091100466,
          -0.9455018440132881,
          0.32150970758129926,
          -0.03311272760587283
        ],
        [
          -0.08203640142858351,
          0.31684033072563034,
          0.9449244592380507,
          -0.42790011137349887
        ],
        [
          0.0,
          0.0,
          0.0,
          1.0
        ]
      ],
      "reprojection_error_px": 0.5199792385101318
    },
    {
      "image": "IMG_5323.jpg",
      "tag_id": 0,
      "rvec": [
        -0.009576659469245245,
        -0.1182426523672879,
        -1.6967935464545723
      ],
      "tvec": [
        -0.025915670501861436,
        0.13144088430186351,
        0.4359585370122368
      ],
      "world_to_camera": [
        [
          -0.12973626910585767,
          0.9895715567704625,
          -0.06258302093520268,
          -0.025915670501861436
        ],
        [
          -0.9886871880337363,
          -0.12431244864045399,
          0.08392889449383868,
          0.13144088430186351
        ],
        [
          0.07527379820652,
          0.07276365262889177,
          0.9945045531115815,
          0.4359585370122368
        ],
        [
          0.0,
          0.0,
          0.0,
          1.0
        ]
      ],
      "camera_to_world": [
        [
          -0.12973626910585767,
          -0.9886871880337363,
          0.07527379820652,
          0.0937754609493201
        ],
        [
          0.9895715567704625,
          -0.12431244864045399,
          0.07276365262889177,
          0.01026321303455038
        ],
        [
          -0.06258302093520268,
          0.08392889449383868,
          0.9945045531115815,
          -0.4462163190868492
        ],
        [
          0.0,
          0.0,
          0.0,
          1.0
        ]
      ],
      "reprojection_error_px": 1.6078180074691772
    },
    {
      "image": "IMG_5324.jpg",
      "tag_id": 0,
      "rvec": [
        -0.2883525734640116,
        0.8980976409382267,
        2.3704610217473427
      ],
      "tvec": [
        0.19593095671134073,
        0.021712367224662292,
        0.38195507265426837
      ],
      "world_to_camera": [
        [
          -0.8073560168775539,
          -0.590053028004379,
          0.003699480297894936,
          0.19593095671134073
        ],
        [
          0.4443719911320687,
          -0.6038752078051438,
          0.661716152814494,
          0.021712367224662292
        ],
        [
          -0.3882135952139384,
          0.5358844628659779,
          0.7497453213924778,
          0.38195507265426837
        ],
        [
          0.0,
          0.0,
          0.0,
          1.0
        ]
      ],
      "camera_to_world": [
        [
          -0.8073560168775539,
          0.4443719911320687,
          -0.3882135952139384,
          0.2968178209029772
        ],
        [
          -0.590053028004379,
          -0.6038752078051438,
          0.5358844628659779,
          -0.07596257439121214
        ],
        [
          0.003699480297894936,
          0.661716152814494,
          0.7497453213924778,
          -0.30146129552716205
        ],
        [
          0.0,
          0.0,
          0.0,
          1.0
        ]
      ],
      "reprojection_error_px": 1.5737080574035645
    },
    {
      "image": "IMG_5325.jpg",
      "tag_id": 0,
      "rvec": [
        -0.3073526921599717,
        1.2565157539408642,
        2.289627435812781
      ],
      "tvec": [
        0.19623802527062364,
        0.013566625127874711,
        0.37793572374587026
      ],
      "world_to_camera": [
        [
          -0.8462845835292744,
          -0.5309490240479995,
          0.0435377714537549,
          0.19623802527062364
        ],
        [
          0.3218889099379655,
          -0.4445147977261062,
          0.8359390673138007,
          0.013566625127874711
        ],
        [
          -0.4244878482826463,
          0.7214566712318873,
          0.5470926230496741,
          0.37793572374587026
        ],
        [
          0.0,
          0.0,
          0.0,
          1.0
        ]
      ],
      "camera_to_world": [
        [
          -0.8462845835292744,
          0.3218889099379655,
          -0.4244878482826463,
          0.32213539147683745
        ],
        [
          -0.5309490240479995,
          -0.4445147977261062,
          0.7214566712318873,
          -0.16244129557022224
        ],
        [
          0.0435377714537549,
          0.8359390673138007,
          0.5470926230496741,
          -0.2266504846990653
        ],
        [
          0.0,
          0.0,
          0.0,
          1.0
        ]
      ],
      "reprojection_error_px": 2.255225896835327
    },
    {
      "image": "IMG_5327.jpg",
      "tag_id": 0,
      "rvec": [
        -0.9729876723165858,
        -0.2238667197871619,
        -0.5737942196315529
      ],
      "tvec": [
        -0.11285373784891081,
        -0.02798431209498447,
        0.4483927898342287
      ],
      "world_to_camera": [
        [
          0.8303774611387524,
          0.5525216480714017,
          0.07206316982496827,
          -0.11285373784891081
        ],
        [
          -0.35773313611788604,
          0.42948329839096333,
          0.8291990712286652,
          -0.02798431209498447
        ],
        [
          0.4272005095456022,
          -0.7143276032855521,
          0.5542885528569907,
          0.4483927898342287
        ],
        [
          0.0,
          0.0,
          0.0,
          1.0
        ]
      ],
      "camera_to_world": [
        [
          0.8303774611387524,
          -0.35773313611788604,
          0.4272005095456022,
          -0.10785334370660019
        ],
        [
          0.5525216480714017,
